%YAML:1.0
---
K: !!opencv-matrix
   rows: 3
   cols: 3
   dt: d
   data: [ 8.2960748000660556e+02, 0., 3.4519230715410811e+02, 0.,
       8.2536365543029581e+02, 2.3483861827699749e+02, 0., 0., 1. ]
D: !!opencv-matrix
   rows: 1
   cols: 5
   dt: d
   data: [ -2.8067133357664770e-01, -6.5219449748090308e-01,
       3.9702744829955170e-03, 6.0329853577488742e-03,
       2.2353866253134402e+00 ]
